0000	80861237	0	               0	               0	               0	               0	               0	               0	               0	               0	               0	               0	               0	               0	               0	               0	
0008	80867000	0	               0	               0	               0	               0	               0	               0	               0	               0	               0	               0	               0	               0	               0	               0	
0009	80867010	0	             1f0	             3f6	             170	             376	            c1e1	               0	               0	               8	               0	               8	               0	              10	               0	               0	ata_piix
000a	80867020	b	               0	               0	               0	               0	            c181	               0	               0	               0	               0	               0	               0	              20	               0	               0	uhci_hcd
000b	80867113	9	               0	               0	               0	               0	               0	               0	               0	               0	               0	               0	               0	               0	               0	               0	piix4_smbus
0010	1af41050	a	        fe000008	               0	        fe80000c	               0	        febf0000	               0	           c0002	          800000	               0	            4000	               0	            1000	               0	           20000	virtio-pci
0018	1af41000	b	            c1a1	        febf1000	               0	               0	        fe80400c	               0	               0	              20	            1000	               0	               0	            4000	               0	               0	virtio-pci
0020	1af41000	b	            c1c1	        febf2000	               0	               0	        fe80800c	               0	               0	              20	            1000	               0	               0	            4000	               0	               0	virtio-pci
0028	1af41004	a	            c101	        febf3000	               0	               0	        fe80c00c	               0	               0	              40	            1000	               0	               0	            4000	               0	               0	virtio-pci
0030	1af41001	a	            c001	        febf4000	               0	               0	        fe81000c	               0	               0	              80	            1000	               0	               0	            4000	               0	               0	virtio-pci
0038	1af41001	b	            c081	        febf5000	               0	               0	        fe81400c	               0	               0	              80	            1000	               0	               0	            4000	               0	               0	virtio-pci
0040	1af41002	b	            c141	               0	               0	               0	        fe81800c	               0	               0	              40	               0	               0	               0	            4000	               0	               0	virtio-pci
